0	0
0.01	0.006475
0.02	0.012475
0.03	0.0152
0.04	0.019175
0.05	0.02125
0.06	0.02665
0.07	0.027075
0.08	0.028775
0.09	0.030475
0.1	0.032
0.11	0.033575
0.12	0.03725
0.13	0.039725
0.14	0.0431
0.15	0.04385
0.16	0.049325
0.17	0.05025
0.18	0.056175
0.19	0.059025
0.2	0.0637
0.21	0.06995
0.22	0.0702
0.23	0.079125
0.24	0.083325
0.25	0.0858
0.26	0.09265
0.27	0.096825
0.28	0.1034
0.29	0.10885
0.3	0.116225
0.31	0.1205
0.32	0.1321
0.33	0.139025
0.34	0.1423
0.35	0.1545
0.36	0.1623
0.37	0.174525
0.38	0.18575
0.39	0.195475
0.4	0.207625
0.41	0.230375
0.42	0.25325
0.43	0.2639
0.44	0.274075
0.45	0.30795
0.46	0.3299
0.47	0.35725
0.48	0.4011
0.49	0.439525
0.5	0.4955
0.51	0.547325
0.52	0.613625
0.53	0.677275
0.54	0.7728
0.55	0.894275
0.56	0.979025
0.57	1.10965
0.58	1.2609
0.59	1.34543
0.6	1.4392
0.61	1.53058
0.62	1.619
0.63	1.6586
0.64	1.64333
0.65	1.66612
0.66	1.63253
0.67	1.59767
0.68	1.57547
0.69	1.53473
0.7	1.49907
0.71	1.47413
0.72	1.43875
0.73	1.4045
0.74	1.375
0.75	1.3508
0.76	1.33082
0.77	1.3107
0.78	1.29135
0.79	1.27235
0.8	1.25865
0.81	1.2394
0.82	1.22495
0.83	1.21168
0.84	1.19718
0.85	1.1823
0.86	1.17003
0.87	1.1581
0.88	1.14732
0.89	1.13508
0.9	1.12475
0.91	1.1129
0.92	1.10365
0.93	1.0922
0.94	1.0822
0.95	1.07195
0.96	1.05995
0.97	1.05015
0.98	1.03483
0.99	1
1	1
